NSTACK =       100000
NBUFFER =      250560

NE =           0
NCON =         0
NFLC =         0
NNZ =          0
NWARNING =     0 0 0 0 0 0 0 0 0 0 
DT =           0.0010
TIME =         50.3450
COM =          0.1591 -0.0000 0.9991
ENERGY =       0.0000 0.0000

QPOS
  0.0000 
  0.0000 
  0.0000  
  -0.3398 
  0.0147 
  -0.0186 
  -1.2043 
  1.2291 
  0.2775
  
QVEL
  0.0000 
  0.0000 
  0.0000 
  0.0000 
  0.0000 
  0.0000 
  0.0000 
  0.0000 
  0.0000 
  
QVEL_NEXT
  0.0000 
  0.0000 
  0.0000 
  0.0000 
  0.0000 
  0.0000 
  0.0000 
  0.0000 
  0.0000 
  
ACT
  
ACT_DOT
  
CRTL
  
QFRC_BIAS
  -0.0000 
  -1211.4342 
  138.2108 
  105.0369 
  -19.4972 
  0.2009 
  -7.7278 
  -1.3348 
  1.3019 
  
QFRC_PASSIVE
  0.0000 
  0.0000 
  0.0000 
  0.0000 
  0.0000 
  0.0000 
  0.0000 
  0.0000 
  0.0000 
  
QFRC_ACTUATION
  0.0000 
  0.0000 
  0.0000 
  0.0000 
  0.0000 
  0.0000 
  0.0000 
  0.0000 
  0.0000 
  
QFRC_EXTERNAL
  0.0000 
  0.0000 
  0.0000 
  0.0000 
  0.0000 
  0.0000 
  0.0000 
  0.0000 
  0.0000 
  
QFRC_CONTACT
  0.0000 
  0.0000 
  0.0000 
  0.0000 
  0.0000 
  0.0000 
  0.0000 
  0.0000 
  0.0000 
  
XPOS
  0.0000 0.0000 0.0000 
  0.1398 0.0000 1.4697 
  0.2657 -0.2000 1.0275 
  0.3885 -0.2000 0.5943 
  0.2981 -0.2000 0.2939 
  0.0337 0.2000 0.9309 
  0.0092 0.2000 0.3814 
  0.0444 0.2000 0.0801 
  
XQUAT
  1.0000 0.0000 0.0000 0.0000 
  0.9822 0.0000 0.1877 0.0000 
  0.9158 0.0000 -0.4017 0.0000 
  0.9798 0.0000 0.1998 0.0000 
  0.4309 0.0000 0.9024 0.0000 
  0.9998 0.0000 0.0189 0.0000 
  0.9997 0.0000 0.0262 0.0000 
  0.6950 0.0000 0.7190 0.0000 
  
XMAT
  1.0000 0.0000 0.0000 0.0000 1.0000 0.0000 0.0000 0.0000 1.0000 
  0.9296 0.0000 0.3687 0.0000 1.0000 0.0000 -0.3687 0.0000 0.9296 
  0.6773 -0.0000 -0.7357 0.0000 1.0000 -0.0000 0.7357 0.0000 0.6773 
  0.9201 0.0000 0.3916 0.0000 1.0000 0.0000 -0.3916 0.0000 0.9201 
  -0.6287 0.0000 0.7777 0.0000 1.0000 0.0000 -0.7777 0.0000 -0.6287 
  0.9993 0.0000 0.0378 0.0000 1.0000 0.0000 -0.0378 0.0000 0.9993 
  0.9986 0.0000 0.0524 0.0000 1.0000 0.0000 -0.0524 0.0000 0.9986 
  -0.0339 0.0000 0.9994 0.0000 1.0000 0.0000 -0.9994 0.0000 -0.0339 
  
XIPOS
  0.0000 0.0000 0.0000 
  0.1398 0.0000 1.4697 
  0.2657 -0.2000 1.0275 
  0.3885 -0.2000 0.5943 
  0.2981 -0.2000 0.2939 
  0.0337 0.2000 0.9309 
  0.0092 0.2000 0.3814 
  0.0444 0.2000 0.0801 
  
XIMAT
  1.0000 0.0000 0.0000 0.0000 1.0000 0.0000 0.0000 0.0000 1.0000 
  0.9296 0.0000 0.3687 0.0000 1.0000 0.0000 -0.3687 0.0000 0.9296 
  0.6773 -0.0000 -0.7357 0.0000 1.0000 -0.0000 0.7357 0.0000 0.6773 
  0.9201 0.0000 0.3916 0.0000 1.0000 0.0000 -0.3916 0.0000 0.9201 
  -0.6287 0.0000 0.7777 0.0000 1.0000 0.0000 -0.7777 0.0000 -0.6287 
  0.9993 0.0000 0.0378 0.0000 1.0000 0.0000 -0.0378 0.0000 0.9993 
  0.9986 0.0000 0.0524 0.0000 1.0000 0.0000 -0.0524 0.0000 0.9986 
  -0.0339 0.0000 0.9994 0.0000 1.0000 0.0000 -0.9994 0.0000 -0.0339 
  
XANCHOR
  0.0000 0.0000 1.4571 
  0.0450 0.0000 1.4571 
  0.0450 0.0000 1.2307 
  0.0450 -0.2000 1.2307 
  0.4864 -0.2000 0.8243 
  0.2906 -0.2000 0.3642 
  0.0450 0.2000 1.2307 
  0.0223 0.2000 0.6311 
  -0.0039 0.2000 0.1318 
  
XAXIS
  1.0000 0.0000 0.0000 
  0.0000 0.0000 1.0000 
  0.0000 1.0000 0.0000 
  0.0000 1.0000 0.0000 
  0.0000 1.0000 0.0000 
  0.0000 1.0000 0.0000 
  0.0000 1.0000 0.0000 
  0.0000 1.0000 0.0000 
  0.0000 1.0000 0.0000 
  
GEOM_XPOS
  0.0000 0.0000 0.0000 
  0.1925 0.0000 1.6025 
  0.0450 0.0000 1.2307 
  0.2657 -0.2000 1.0275 
  0.3885 -0.2000 0.5943 
  0.2981 -0.2000 0.2939 
  0.0337 0.2000 0.9309 
  0.0092 0.2000 0.3814 
  0.0444 0.2000 0.0801 
  
GEOM_XMAT
  1.0000 0.0000 0.0000 0.0000 1.0000 0.0000 0.0000 0.0000 1.0000 
  0.9296 0.0000 0.3687 0.0000 1.0000 0.0000 -0.3687 0.0000 0.9296 
  0.9296 0.3687 0.0000 0.0000 0.0000 -1.0000 -0.3687 0.9296 0.0000 
  0.6773 -0.0000 -0.7357 0.0000 1.0000 -0.0000 0.7357 0.0000 0.6773 
  0.9201 0.0000 0.3916 0.0000 1.0000 0.0000 -0.3916 0.0000 0.9201 
  -0.6287 0.0000 0.7777 0.0000 1.0000 0.0000 -0.7777 0.0000 -0.6287 
  0.9993 0.0000 0.0378 0.0000 1.0000 0.0000 -0.0378 0.0000 0.9993 
  0.9986 0.0000 0.0524 0.0000 1.0000 0.0000 -0.0524 0.0000 0.9986 
  -0.0339 0.0000 0.9994 0.0000 1.0000 0.0000 -0.9994 0.0000 -0.0339 
  
SITE_XPOS
  
SITE_XMAT
  
CDOF
  0.0000 0.0000 0.0000 1.0000 0.0000 0.0000 
  0.0000 0.0000 0.0000 0.0000 0.0000 1.0000 
  0.0000 1.0000 0.0000 -0.2315 0.0000 -0.1141 
  0.0000 1.0000 0.0000 -0.2315 0.0000 -0.1141 
  0.0000 1.0000 0.0000 0.1749 -0.0000 0.3273 
  0.0000 1.0000 0.0000 0.6349 -0.0000 0.1315 
  0.0000 1.0000 0.0000 -0.2315 0.0000 -0.1141 
  0.0000 1.0000 0.0000 0.3680 0.0000 -0.1367 
  0.0000 1.0000 0.0000 0.8674 0.0000 -0.1630 
  
CINERT
  0.0000 0.0000 0.0000 0.0000 0.0000 0.0000 0.0000 0.0000 0.0000 0.0000 
  13.2306 13.4284 0.9936 0.0000 -0.7842 -0.0000 -0.8485 0.0000 20.6960 43.9823 
  1.3940 1.2206 1.6959 0.4690 0.3536 0.1246 2.3448 -4.3982 0.6231 21.9911 
  3.4657 3.7176 1.5139 0.6890 1.2488 -1.2158 3.4448 -3.0027 -6.0789 15.0137 
  1.4910 1.4501 0.1824 0.0764 0.2823 -0.3877 0.3821 -0.5498 -1.9386 2.7489 
  1.9339 1.4013 1.3367 0.5516 -0.2201 0.3002 -2.7581 4.3982 -1.5012 21.9911 
  6.7940 6.5317 0.9996 0.4500 -1.4109 1.8548 -2.2498 3.0027 -9.2740 15.0137 
  2.4352 2.3877 0.1759 0.0630 -0.2888 0.5053 -0.3152 0.5498 -2.5263 2.7489 
  
TEN_LENGTH
  
TEN_MOMENT
  
ACTUATOR_LENGTH
  
ACTUATOR_MOMENT
  
ACTUATOR_FORCE
  
CVEL
  0.0000 0.0000 0.0000 0.0000 0.0000 0.0000 
  0.0000 0.0000 0.0000 0.0000 0.0000 0.0000 
  0.0000 0.0000 0.0000 0.0000 0.0000 0.0000 
  0.0000 0.0000 0.0000 0.0000 0.0000 0.0000 
  0.0000 0.0000 0.0000 0.0000 0.0000 0.0000 
  0.0000 0.0000 0.0000 0.0000 0.0000 0.0000 
  0.0000 0.0000 0.0000 0.0000 0.0000 0.0000 
  0.0000 0.0000 0.0000 0.0000 0.0000 0.0000 
  
QM
  123.4897 0.0000 -28.5906 -16.5983 -4.9117 -0.1933 -22.5054 -5.2628 -0.1420 
  0.0000 123.4897 -14.0888 -10.7071 1.9875 -0.0205 0.7878 0.1361 -0.1327 
  -28.5906 -14.0888 38.3642 13.8689 3.4235 0.2160 17.9136 5.4284 0.1931 
  -16.5983 -10.7071 13.8689 13.8689 3.4235 0.2160 0.0000 0.0000 0.0000 
  -4.9117 1.9875 3.4235 3.4235 2.3049 0.1284 0.0000 0.0000 0.0000 
  -0.1933 -0.0205 0.2160 0.2160 0.1284 0.0435 0.0000 0.0000 0.0000 
  -22.5054 0.7878 17.9136 0.0000 0.0000 0.0000 17.9136 5.4284 0.1931 
  -5.2628 0.1361 5.4284 0.0000 0.0000 0.0000 5.4284 2.2699 0.1110 
  -0.1420 -0.1327 0.1931 0.0000 0.0000 0.0000 0.1931 0.1110 0.0435 
  
QLD
  53.8345 -0.0223 1.5973 -1.0676 -2.2542 -4.4411 -2.0233 -2.4664 -3.2631 
  -0.0223 97.1346 -0.6335 -1.5478 1.0634 -0.4705 0.0413 0.2387 -3.0491 
  1.5973 -0.6335 6.5816 1.0000 1.4467 4.9635 1.0000 2.4842 4.4367 
  -1.0676 -1.5478 1.0000 8.7662 1.4467 4.9635 0.0000 0.0000 0.0000 
  -2.2542 1.0634 1.4467 1.4467 1.9258 2.9511 0.0000 0.0000 0.0000 
  -4.4411 -0.4705 4.9635 4.9635 2.9511 0.0435 0.0000 0.0000 0.0000 
  -2.0233 0.0413 1.0000 0.0000 0.0000 0.0000 4.7946 2.4842 4.4367 
  -2.4664 0.2387 2.4842 0.0000 0.0000 0.0000 2.4842 1.9870 2.5494 
  -3.2631 -3.0491 4.4367 0.0000 0.0000 0.0000 4.4367 2.5494 0.0435 
  
QDIAG
  0.1363 
  0.1015 
  0.3898 
  0.3377 
  0.7206 
  4.7933 
  0.4567 
  0.7094 
  4.7933 
  
EQ_ERR
  
EQ_J
  
EQ_VDES
  
EQ_JMi
  
EQ_Achol
  
contact

ADR_FRI
  0 
  0 
  0 
  
ADR_LIM
  0 
  0 
  0 
  
ADR_CON
  0 
  0 
  0 
  
ADR_LC
  0 
  0 
  0 
  
ADR_FLC
  0 
  0 
  0 
  
ADR_A
  0 
  0 
  0 
  
FRI_ID
  
LIM_ID
  
CON_ID
  
LC_IND
  
LC_DIST
  
LC_MINDIST
  
FLC_SCALE
  
FLC_JROWADR
  0 
  
FLC_JCOLIND
  
FLC_JDATA
  
A0:  DIAG
  
A1:  DIAG
  
LC_VMIN
  
FLC_V0
  
FLC_B
  
FLC_F
  
