NSTACK =       100000
NBUFFER =      250560

NE =           0
NCON =         2
NFLC =         6
NNZ =          20
NWARNING =     0 0 0 0 0 0 0 0 0 0 
DT =           0.0010
TIME =         70.0100
COM =          -0.1200 -0.0000 0.9826
ENERGY =       0.0000 0.0000

QPOS
  0.0000 
  0.0000 
  0.0000 
  0.7330 
  -0.0008 
  -0.0012
  0.0000 
  0.0000 
  0.0000  
  
QVEL
  0.0000 
  0.0000 
  0.0000 
  0.0000 
  0.0000 
  0.0000 
  0.0000 
  0.0000 
  0.0000 
  
QVEL_NEXT
  0.0000 
  0.0000 
  0.0000 
  0.0000 
  0.0000 
  0.0000 
  0.0000 
  0.0000 
  0.0000 
  
ACT
  
ACT_DOT
  
CRTL
  
QFRC_BIAS
  -0.0000 
  -1211.4342 
  -145.3563 
  1.4183 
  1.3647 
  1.3488 
  -146.7394 
  -33.5153 
  0.1041 
  
QFRC_PASSIVE
  0.0000 
  0.0000 
  0.0000 
  0.0000 
  0.0000 
  0.0000 
  0.0000 
  0.0000 
  0.0000 
  
QFRC_ACTUATION
  0.0000 
  0.0000 
  0.0000 
  0.0000 
  0.0000 
  0.0000 
  0.0000 
  0.0000 
  0.0000 
  
QFRC_EXTERNAL
  0.0000 
  0.0000 
  0.0000 
  0.0000 
  0.0000 
  0.0000 
  0.0000 
  0.0000 
  0.0000 
  
QFRC_CONTACT
  0.0000 
  0.0000 
  0.0000 
  0.0000 
  0.0000 
  0.0000 
  0.0000 
  0.0000 
  0.0000 
  
XPOS
  0.0000 0.0000 0.0000 
  -0.0001 0.0000 1.4668 
  0.0001 -0.2000 0.9097 
  0.0003 -0.2000 0.3597 
  0.0504 -0.2000 0.0597 
  -0.2007 0.2000 0.9867 
  -0.5684 0.2000 0.5777 
  -0.7316 0.2000 0.3211 
  
XQUAT
  1.0000 0.0000 0.0000 0.0000 
  1.0000 0.0000 -0.0002 0.0000 
  1.0000 0.0000 -0.0002 0.0000 
  1.0000 0.0000 -0.0002 0.0000 
  0.7072 0.0000 0.7070 0.0000 
  0.9336 0.0000 0.3582 0.0000 
  0.9338 0.0000 0.3579 0.0000 
  0.4078 0.0000 0.9131 0.0000 
  
XMAT
  1.0000 0.0000 0.0000 0.0000 1.0000 0.0000 0.0000 0.0000 1.0000 
  1.0000 -0.0000 -0.0003 0.0000 1.0000 -0.0000 0.0003 0.0000 1.0000 
  1.0000 -0.0000 -0.0003 0.0000 1.0000 -0.0000 0.0003 0.0000 1.0000 
  1.0000 -0.0000 -0.0003 0.0000 1.0000 -0.0000 0.0003 0.0000 1.0000 
  0.0003 0.0000 1.0000 0.0000 1.0000 0.0000 -1.0000 0.0000 0.0003 
  0.7434 0.0000 0.6689 0.0000 1.0000 0.0000 -0.6689 0.0000 0.7434 
  0.7439 0.0000 0.6683 0.0000 1.0000 0.0000 -0.6683 0.0000 0.7439 
  -0.6675 0.0000 0.7446 0.0000 1.0000 0.0000 -0.7446 0.0000 -0.6675 
  
XIPOS
  0.0000 0.0000 0.0000 
  -0.0001 0.0000 1.4668 
  0.0001 -0.2000 0.9097 
  0.0003 -0.2000 0.3597 
  0.0504 -0.2000 0.0597 
  -0.2007 0.2000 0.9867 
  -0.5684 0.2000 0.5777 
  -0.7316 0.2000 0.3211 
  
XIMAT
  1.0000 0.0000 0.0000 0.0000 1.0000 0.0000 0.0000 0.0000 1.0000 
  1.0000 -0.0000 -0.0003 0.0000 1.0000 -0.0000 0.0003 0.0000 1.0000 
  1.0000 -0.0000 -0.0003 0.0000 1.0000 -0.0000 0.0003 0.0000 1.0000 
  1.0000 -0.0000 -0.0003 0.0000 1.0000 -0.0000 0.0003 0.0000 1.0000 
  0.0003 0.0000 1.0000 0.0000 1.0000 0.0000 -1.0000 0.0000 0.0003 
  0.7434 0.0000 0.6689 0.0000 1.0000 0.0000 -0.6689 0.0000 0.7434 
  0.7439 0.0000 0.6683 0.0000 1.0000 0.0000 -0.6683 0.0000 0.7439 
  -0.6675 0.0000 0.7446 0.0000 1.0000 0.0000 -0.7446 0.0000 -0.6675 
  
XANCHOR
  0.0000 0.0000 1.4571 
  0.0000 0.0000 1.4571 
  0.0000 0.0000 1.2097 
  0.0000 -0.2000 1.2097 
  0.0002 -0.2000 0.6097 
  0.0003 -0.2000 0.1097 
  0.0000 0.2000 1.2097 
  -0.4013 0.2000 0.7636 
  -0.7355 0.2000 0.3917 
  
XAXIS
  1.0000 0.0000 0.0000 
  0.0000 0.0000 1.0000 
  0.0000 1.0000 0.0000 
  0.0000 1.0000 0.0000 
  0.0000 1.0000 0.0000 
  0.0000 1.0000 0.0000 
  0.0000 1.0000 0.0000 
  0.0000 1.0000 0.0000 
  0.0000 1.0000 0.0000 
  
GEOM_XPOS
  0.0000 0.0000 0.0000 
  -0.0001 0.0000 1.6097 
  0.0000 0.0000 1.2097 
  0.0001 -0.2000 0.9097 
  0.0003 -0.2000 0.3597 
  0.0504 -0.2000 0.0597 
  -0.2007 0.2000 0.9867 
  -0.5684 0.2000 0.5777 
  -0.7316 0.2000 0.3211 
  
GEOM_XMAT
  1.0000 0.0000 0.0000 0.0000 1.0000 0.0000 0.0000 0.0000 1.0000 
  1.0000 -0.0000 -0.0003 0.0000 1.0000 -0.0000 0.0003 0.0000 1.0000 
  1.0000 -0.0003 0.0000 0.0000 0.0000 -1.0000 0.0003 1.0000 0.0000 
  1.0000 -0.0000 -0.0003 0.0000 1.0000 -0.0000 0.0003 0.0000 1.0000 
  1.0000 -0.0000 -0.0003 0.0000 1.0000 -0.0000 0.0003 0.0000 1.0000 
  0.0003 0.0000 1.0000 0.0000 1.0000 0.0000 -1.0000 0.0000 0.0003 
  0.7434 0.0000 0.6689 0.0000 1.0000 0.0000 -0.6689 0.0000 0.7434 
  0.7439 0.0000 0.6683 0.0000 1.0000 0.0000 -0.6683 0.0000 0.7439 
  -0.6675 0.0000 0.7446 0.0000 1.0000 0.0000 -0.7446 0.0000 -0.6675 
  
SITE_XPOS
  
SITE_XMAT
  
CDOF
  0.0000 0.0000 0.0000 1.0000 0.0000 0.0000 
  0.0000 0.0000 0.0000 0.0000 0.0000 1.0000 
  0.0000 1.0000 0.0000 -0.2271 0.0000 0.1200 
  0.0000 1.0000 0.0000 -0.2271 0.0000 0.1200 
  0.0000 1.0000 0.0000 0.3729 -0.0000 0.1202 
  0.0000 1.0000 0.0000 0.8729 -0.0000 0.1203 
  0.0000 1.0000 0.0000 -0.2271 0.0000 0.1200 
  0.0000 1.0000 0.0000 0.2189 0.0000 -0.2814 
  0.0000 1.0000 0.0000 0.5908 0.0000 -0.6155 
  
CINERT
  0.0000 0.0000 0.0000 0.0000 0.0000 0.0000 0.0000 0.0000 0.0000 0.0000 
  14.2752 14.6196 1.1402 -0.0000 -2.5527 -0.0000 5.2737 0.0000 21.2985 43.9823 
  1.9494 1.3869 1.3067 0.5281 0.1928 -0.3206 2.6407 -4.3982 -1.6030 21.9911 
  6.8917 6.5083 0.8785 0.3611 1.1248 -1.8704 1.8055 -3.0027 -9.3519 15.0137 
  2.4546 2.4508 0.2195 0.0937 0.4322 -0.5074 0.4683 -0.5498 -2.5369 2.7489 
  1.4558 1.0965 1.5099 0.3549 -0.4119 -0.0180 -1.7743 4.3982 0.0902 21.9911 
  3.3466 5.9461 3.8614 1.3465 -2.9273 1.2157 -6.7326 3.0027 -6.0787 15.0137 
  1.3278 2.2609 1.1564 0.3363 -1.0990 0.3637 -1.6814 0.5498 -1.8183 2.7489 
  
TEN_LENGTH
  
TEN_MOMENT
  
ACTUATOR_LENGTH
  
ACTUATOR_MOMENT
  
ACTUATOR_FORCE
  
CVEL
  0.0000 0.0000 0.0000 0.0000 0.0000 0.0000 
  0.0000 0.0000 0.0000 0.0000 0.0000 0.0000 
  0.0000 0.0000 0.0000 0.0000 0.0000 0.0000 
  0.0000 0.0000 0.0000 0.0000 0.0000 0.0000 
  0.0000 0.0000 0.0000 0.0000 0.0000 0.0000 
  0.0000 0.0000 0.0000 0.0000 0.0000 0.0000 
  0.0000 0.0000 0.0000 0.0000 0.0000 0.0000 
  0.0000 0.0000 0.0000 0.0000 0.0000 0.0000 
  
QM
  123.4897 0.0000 -28.0455 -22.5201 -5.2653 -0.1374 -16.8351 -4.0086 -0.1941 
  0.0000 123.4897 14.8172 -0.1446 -0.1391 -0.1375 14.9581 3.4164 -0.0106 
  -28.0455 14.8172 42.4162 17.9175 5.4317 0.1947 17.9170 5.4313 0.1945 
  -22.5201 -0.1446 17.9175 17.9175 5.4317 0.1947 0.0000 0.0000 0.0000 
  -5.2653 -0.1391 5.4317 5.4317 2.2725 0.1122 0.0000 0.0000 0.0000 
  -0.1374 -0.1375 0.1947 0.1947 0.1122 0.0435 0.0000 0.0000 0.0000 
  -16.8351 14.9581 17.9170 0.0000 0.0000 0.0000 17.9170 5.4313 0.1945 
  -4.0086 3.4164 5.4313 0.0000 0.0000 0.0000 5.4313 2.2723 0.1122 
  -0.1941 -0.0106 0.1945 0.0000 0.0000 0.0000 0.1945 0.1122 0.0435 
  
QLD
  51.5176 0.1453 1.7184 -2.0236 -2.4765 -3.1569 -1.5121 -1.7690 -4.4593 
  0.1453 108.3817 0.0005 -0.0136 0.1087 -3.1589 1.3448 1.7364 -0.2437 
  1.7184 0.0005 6.5816 1.0000 2.4859 4.4737 1.0000 2.4859 4.4682 
  -2.0236 -0.0136 1.0000 4.7922 2.4859 4.4737 0.0000 0.0000 0.0000 
  -2.4765 0.1087 2.4859 2.4859 1.9830 2.5789 0.0000 0.0000 0.0000 
  -3.1569 -3.1589 4.4737 4.4737 2.5789 0.0435 0.0000 0.0000 0.0000 
  -1.5121 1.3448 1.0000 0.0000 0.0000 0.0000 4.7922 2.4859 4.4682 
  -1.7690 1.7364 2.4859 0.0000 0.0000 0.0000 2.4859 1.9832 2.5771 
  -4.4593 -0.2437 4.4682 0.0000 0.0000 0.0000 4.4682 2.5771 0.0435 
  
QDIAG
  0.1393 
  0.0961 
  0.3898 
  0.4568 
  0.7101 
  4.7933 
  0.4568 
  0.7101 
  4.7933 
  
EQ_ERR
  
EQ_J
  
EQ_VDES
  
EQ_JMi
  
EQ_Achol
  
contact
  0:  type 1,  dim 3,  obj 0 5,  dist 0.0097,  pos 0.2004 -0.2000 0.0049
      frame 0.0000 0.0000 1.0000 0.0000 1.0000 0.0000 -1.0000 0.0000 0.0000
      friction 1.0000 1.0000 0.3000 0.3000 0.3000,  flc_address 0
  1:  type 1,  dim 3,  obj 0 5,  dist 0.0096,  pos -0.0996 -0.2000 0.0048
      frame 0.0000 0.0000 1.0000 0.0000 1.0000 0.0000 -1.0000 0.0000 0.0000
      friction 1.0000 1.0000 0.3000 0.3000 0.3000,  flc_address 3

ADR_FRI
  0 
  0 
  0 
  
ADR_LIM
  0 
  0 
  0 
  
ADR_CON
  0 
  0 
  2 
  
ADR_LC
  0 
  0 
  2 
  
ADR_FLC
  0 
  0 
  6 
  
ADR_A
  0 
  0 
  36 
  
FRI_ID
  
LIM_ID
  
CON_ID
  0 
  1 
  
LC_IND
  0 
  3 
  
LC_DIST
  0.0097 
  0.0096 
  
LC_MINDIST
  0.0100 
  0.0100 
  
FLC_SCALE
  0.0000 
  0.0000 
  0.0000 
  0.0000 
  0.0000 
  0.0000 
  
FLC_JROWADR
  0 
  5 
  5 
  10 
  15 
  15 
  20 
  
FLC_JCOLIND
  1 
  2 
  3 
  4 
  5 
  0 
  2 
  3 
  4 
  5 
  1 
  2 
  3 
  4 
  5 
  0 
  2 
  3 
  4 
  5 
  
FLC_JDATA
  1.0000 
  -0.2004 
  -0.2004 
  -0.2002 
  -0.2000 
  -1.0000 
  1.2048 
  1.2048 
  0.6048 
  0.1048 
  1.0000 
  0.0996 
  0.0996 
  0.0998 
  0.1000 
  -1.0000 
  1.2048 
  1.2048 
  0.6048 
  0.1048 
  
A0:  DIAG
  
A1:  DIAG
  0.9823 
  0.0000 
  -0.4255 
  -0.4811 
  0.0000 
  -0.4258 
  
LC_VMIN
  -9.7223 
  -9.6273 
  
FLC_V0
  -0.0098 
  0.0000 
  -0.0000 
  -0.0098 
  0.0000 
  -0.0000 
  
FLC_B
  -9.7125 
  -0.0000 
  0.0000 
  -9.6175 
  -0.0000 
  0.0000 
  
FLC_F
  0.0000 
  0.0000 
  0.0000 
  0.0000 
  0.0000 
  0.0000 
  
